,EUR/USD,JPY/USD,GBP/USD,AUD/USD,CHF/USD,CAD/USD,MXN/USD,CNY/USD,NZD/USD,SEK/USD,HKD/USD,SGD/USD,EUR/JPY,EUR/GBP,EUR/AUD,EUR/CHF,EUR/CAD,EUR/MXN,EUR/CNY,EUR/NZD,EUR/SEK,EUR/HKD,EUR/SGD,JPY/GBP,JPY/AUD,JPY/CHF,JPY/CAD,JPY/MXN,JPY/CNY,JPY/NZD,JPY/SEK,JPY/HKD,JPY/SGD,GBP/AUD,GBP/CHF,GBP/CAD,GBP/MXN,GBP/CNY,GBP/NZD,GBP/SEK,GBP/HKD,GBP/SGD,AUD/CHF,AUD/CAD,AUD/MXN,AUD/CNY,AUD/NZD,AUD/SEK,AUD/HKD,AUD/SGD,CHF/CAD,CHF/MXN,CHF/CNY,CHF/NZD,CHF/SEK,CHF/HKD,CHF/SGD,CAD/MXN,CAD/CNY,CAD/NZD,CAD/SEK,CAD/HKD,CAD/SGD,MXN/CNY,MXN/NZD,MXN/SEK,MXN/HKD,MXN/SGD,CNY/NZD,CNY/SEK,CNY/HKD,CNY/SGD,NZD/SEK,NZD/HKD,NZD/SGD,SEK/HKD,SEK/SGD,HKD/SGD
0,-1.0,0.49724890602345806,0.40329514718673065,0.40605131827545193,0.1344411785179621,0.5168666769783454,0.6475089027680414,0.5227663339380725,0.3823395330772348,0.2321108850862904,0.8677974558736943,0.3345701799275862,0.5603435517866551,0.9281695134945163,1.0244922838057267,0.7255633825044339,0.6018958355278852,0.9858517696659361,0.17836877254535222,1.0573620516973772,1.1456149111453544,0.0015354355509927808,0.2575888248317114,1.2519960887878208,1.2849493195756054,1.339089677537594,1.0114310818052803,1.1452065194224519,0.7558913570734036,1.320898321667515,1.3846239906359732,0.50711856411847,0.9089625942485207,1.1036130875267354,0.9594852053825869,0.7044857476760831,1.0216547611694982,0.5322557086935669,1.1366947317928957,1.1776333353916464,0.4058734982982908,0.5728494562245334,0.8863348667184903,0.5808527061520781,0.9699820304933183,0.5114823200862102,1.0569806328822111,1.0832687465195705,0.40718301830653014,0.523440070274598,0.7602027711903427,1.039319202353433,0.356578077918035,1.1437995095868885,1.241238683847666,0.13731918245788954,0.5115052612984109,1.183495101469335,0.7252538521173242,1.4274480610511646,1.4829680192432109,0.5207972206882054,0.8621217827367124,0.7296190505502076,1.0479932914769532,1.0779490710767452,0.6485539596990926,0.7828481320302185,1.5120982695993215,1.6788064469656745,0.5315143628059685,1.31208942037663,1.0472243922531568,0.38319505639935303,0.5055993303093069,0.23006378972040342,0.34889202665694596,1.6616514793989985
1,0.49724890602345806,-1.0,0.5878992459461505,0.6740988946325642,0.3999740878987901,0.8580489599908954,0.9586400499678054,0.7755949214608373,0.621419958699679,0.7002182746016241,1.0956919613275433,0.6712101417735175,1.555364993761129,1.1032299632581735,1.0462283381460473,1.17858618369103,0.6940894235098718,0.8477282363511446,0.5768539059657414,1.1152257107567942,0.9399609728356446,0.4889587594202033,0.621586246820012,0.6921812837386521,0.7027748440158639,0.47831733527617015,0.3761091894457257,0.6663363524486603,0.1377400657478275,0.7492820575360764,0.5908813674157689,0.0012957000011449837,0.1945866246679837,0.947517540918764,0.9737091449002573,0.6093980237591656,0.785267094864871,0.6327459450217909,1.02587797419861,0.8563418929503871,0.5828545504048199,0.6246706943315643,1.017717015787228,0.6439944941359683,0.8065817184339529,0.7181560242344263,1.11977686725587,0.9034490769827797,0.6693244347768248,0.7187993351539134,0.6541652536402005,0.8204362237935767,0.48679985551579863,1.043225540432194,0.871596124638916,0.3914170540789571,0.5562304686839581,0.9766658043178215,0.9656339406780158,1.4090645620071136,1.2335530505808,0.8527198048028619,1.067524230436525,1.0061083359169294,1.2285164073754076,1.1468744671525837,0.9564924120486089,1.0449353684850862,1.3387127904070968,1.2478878251265904,0.764279854983338,1.1660513006605164,0.8326733022961736,0.6162927460976789,0.6556028711319823,0.693855688997618,0.7891743726548563,1.3404224134386258
2,0.40329514718673065,0.5878992459461505,-1.0,0.25462293518236223,0.4789838166255084,0.3620833501514735,0.5184261008105341,0.5419992029719608,0.2714077568251946,0.3635973871421899,0.8788393463372824,0.22155042442132944,0.8541366142088321,1.7575263164362989,1.5004397719383344,0.844946264065396,1.1287671667386323,1.2813730344219652,0.6220965550877899,1.4912703321865828,1.362107392068243,0.40657386015384167,0.8992902258881817,1.7400456613064867,1.4946643602426692,1.0769497074484966,1.2003487059072182,1.3007802627893235,0.8346321580012142,1.4955444173678432,1.32194006596293,0.5966434689546167,1.071611276317674,0.805765147747626,0.23313985626156608,0.33766491514565333,0.9122222429541617,0.07244627215969002,0.7914084515003179,0.5462203113906308,0.0006565754013759806,0.07731970350308981,0.4954952145310574,0.5063352123664364,1.0079637175585046,0.3350433974915136,0.9676591434910372,0.7215637203000329,0.2546080603373103,0.37121631469542005,1.1787110783777839,1.2981394578751029,0.7204478128831806,1.4927262796017522,1.3666528309480914,0.4830584089220624,1.0057981668803508,1.2623418043370636,0.5424506470320476,1.4393386220320898,1.1712029260891672,0.3646996729443649,0.7367542685697968,0.5870227788196425,0.9816468174808143,0.8354204624917871,0.5186400765021166,0.6666288771551874,1.642339700373975,1.534498682048309,0.5498362015966918,1.4693504773874386,0.7462705941877916,0.2713044920702309,0.4134089407148911,0.36233875317655595,0.6030064787558193,1.7768378063700383
3,0.40605131827545193,0.6740988946325642,0.25462293518236223,-1.0,0.5318023624492263,0.23348809478800625,0.4761921987360953,0.530893113593192,0.10073323072380325,0.2985496258405941,0.821300798310222,0.1615536274846765,0.7672244996451762,1.443285459921818,1.8188087535438986,0.7488658953553915,1.2659932022567557,1.327576170421566,0.6324182851062421,1.7099363104450918,1.4654370868446795,0.41256168555236516,0.9568293051995177,1.5377870318664824,1.8058126178044471,1.1207491824591003,1.3653151423777092,1.3727533959072191,0.9247840242187211,1.7297978087836425,1.4441385259234796,0.6852513229814126,1.1964793572239307,1.5091687217589618,0.4884378649653115,0.7894368352123852,1.1219484567027858,0.3623140598837662,1.3531078546023672,0.9241103627686647,0.25833855689235374,0.4708581614103696,0.1753942185428311,0.2462952304696453,0.8683920855898855,0.05436545403573678,0.7820915188494258,0.44818248242630887,0.0004979877272189848,0.04470643676778041,1.3404714188706128,1.3606851663437283,0.7850990341248711,1.7211490672717553,1.4942038947565472,0.539396697283985,1.115430582969568,1.2471206741953191,0.4054906282426146,1.562132985797054,1.1275630838284072,0.23822779564275298,0.6051178537286859,0.5442762052285567,1.0577849165034066,0.8270531481357328,0.4773826769832199,0.6350687421114034,1.8278827436070029,1.6051742285741408,0.5442567004007135,1.5306740518301925,0.590314710470061,0.1015381974392211,0.21198578076504715,0.29886775547476885,0.5501313063903273,1.8326692346552185
4,0.1344411785179621,0.3999740878987901,0.4789838166255084,0.5318023624492263,-1.0,0.6622789231976145,0.7681401783905235,0.5722039103281473,0.5150547005057721,0.38058914468666016,0.8785248548418332,0.45874101143508716,0.7907506889458734,0.9434608135361802,0.9641629091411705,1.244037839887713,0.571117548189665,0.9094962987673069,0.29837946802015525,0.9865887579580438,1.0561642117907502,0.1361639554996954,0.3262477089767287,1.1011557228513151,1.097017659718322,1.369471992221244,0.8250366204351329,0.9951379320278787,0.6349764625988082,1.1191848832852913,1.174919973543396,0.409897241125983,0.7326130160386397,1.0162898965389127,1.1482719451479158,0.6601235346420133,0.9326160588796694,0.5962512469358245,1.0417258343891533,1.0960959520367557,0.4814556446077395,0.6026057948469582,1.1137943742079641,0.6254656112192138,0.9228041739007043,0.6339149374323707,1.0405793599121256,1.0821371651795668,0.5332480930779215,0.6334051457904726,0.5177735272645467,0.8667399939822076,0.17865903965165109,0.905843682128504,0.938305736468989,0.0015641659426620658,0.2550995992263173,1.1102123533587225,0.8598171887335356,1.3752892010992048,1.4397272110315598,0.6664271537741,0.9653135111804599,0.8477347457218982,1.0888461875128725,1.1263589384889279,0.7695322361342558,0.8862478446571491,1.3827000585455744,1.5283046635132682,0.5803357731394021,1.2126708260022412,1.0560480676050317,0.5162917628712276,0.6216698618922729,0.3794981724479073,0.4776149225716264,1.5370167987201748
5,0.5168666769783454,0.8580489599908954,0.3620833501514735,0.23348809478800625,0.6622789231976145,-1.0,0.37336298646459454,0.55839473916566,0.27897509375352536,0.3886459988851906,0.8714529423306765,0.2862007073292867,0.6827031393062988,1.3998664534014367,1.6077434196856906,0.7129199257931171,1.6108369002916814,1.4807513403959967,0.7399324842563727,1.5641995554469998,1.441574713288812,0.521222872480982,0.9934108751890603,1.5613555273948516,1.6852225210649134,1.1952752176169088,1.685035735196895,1.5383284602431615,1.0905573570137532,1.6623295754478264,1.485965809823003,0.8654991596788125,1.3043641005460094,1.3043308972419494,0.5148346602220037,1.154454356790842,1.3070790777329324,0.4711178700508506,1.232813769414509,0.9477951180364359,0.3643730778496541,0.5448290663734103,0.35438422474280595,0.8443583850458611,1.1611124057551139,0.305368464644437,0.9037610750524239,0.6632442445889766,0.23359951048003214,0.30633946119025013,1.6617175112133111,1.5136619393738955,0.9101348986459933,1.602557995820002,1.4904582489328149,0.6677370236815448,1.1697562111371982,1.2519515909082444,0.13056695752307745,1.0830541082987646,0.7910396993949682,0.0011428745323721623,0.1767665743576624,0.4279455689599043,0.8108043826502362,0.643472662656946,0.37304711955659764,0.48219131698970463,1.6399123164804228,1.5127280442891766,0.5670970420554965,1.4078736451370848,0.7277268878739486,0.27914936275838,0.3899085779241446,0.3878959878482724,0.5972594340462019,1.7108584654417243
6,0.6475089027680414,0.9586400499678054,0.5184261008105341,0.4761921987360953,0.7681401783905235,0.37336298646459454,-1.0,0.588677790662332,0.5004323675635425,0.43684075617187135,0.7605480267514484,0.3899630067695601,0.7038678682165136,1.311818481319162,1.3993737796375765,0.7626309017072549,1.337791463025967,1.9307343746622472,0.8680704505091084,1.3780116784275744,1.5030535986755964,0.6588275887560258,1.0752971199910957,1.4723478216023795,1.5031113634630522,1.199224091129128,1.464294525048179,1.9280852297919084,1.1732860267909884,1.4957555460799594,1.5098653413153982,0.9711377003763928,1.3410166553302036,1.1490411873109037,0.6163772761543155,0.9918015425013442,1.830751159141814,0.6335047765563739,1.1118642916220653,1.0780073671698782,0.5253526604187644,0.700104622144898,0.5594953197914881,0.8355879285595673,1.7754898250675197,0.5656542696059069,0.9495047851683521,0.9399857355769184,0.48113059297466965,0.5922987065330817,1.3985413707403516,1.9331757263961733,1.006552126521737,1.418865160622941,1.5190813472703004,0.7804039417654225,1.2117455672284503,1.9120527539663286,0.5292967277301476,1.1207143516871239,1.0915706067370028,0.3817374337606254,0.6160514805492621,0.02119007738364309,0.22402261281100577,0.16012840293925035,0.00019646217645685748,0.02507812093545614,1.4049505296131577,1.4702728945112487,0.6084845359676155,1.3133301705674933,0.9716743769728226,0.5053624970964271,0.6377062199153689,0.44072129780683855,0.5991646254559071,1.5966586686586854
7,0.5227663339380725,0.7755949214608373,0.5419992029719608,0.530893113593192,0.5722039103281473,0.55839473916566,0.588677790662332,-1.0,0.5470601442759225,0.4690654902045973,0.8624732127801586,0.3838882992568784,0.7740506153232719,1.181039835446678,1.242388618103058,0.8972980081280078,1.0311227580731017,1.2529972068677038,1.1088095425647309,1.2281660952182765,1.3235093450001738,0.5276588874522394,0.9136401115996421,1.312617154704494,1.3332127735172967,1.1955587455437628,1.1834965194436742,1.3044495157347606,1.3000535553819519,1.328615875704884,1.351671117218933,0.7840144130429454,1.1596307063843463,1.0989835867234565,0.791021744801356,0.8420337369484651,1.1766204788598573,0.9073718850723539,1.0747275383237809,1.068807698153967,0.5452942273997436,0.7368581005061832,0.7464394400129865,0.7303748692822729,1.1309748002863202,0.8436214211725546,0.9671432465851149,0.9773613214844128,0.5328488842795143,0.6727312519755066,1.0702528969733407,1.2610076729681126,1.1642379665169704,1.239170436968243,1.3117267973632127,0.5776923817959595,0.9864655421867002,1.278402934012014,1.0593208324923193,1.2301608855210207,1.230201552633273,0.5627917107957041,0.8803602043293348,0.7840404009344096,0.8610038341079087,0.8511331655478,0.5895555070879511,0.7015609170703909,1.1384885184324807,1.1682880037374814,0.004697056721739812,0.7087516887151453,0.997679167294012,0.5489852827639807,0.7044876581638109,0.46939193088879183,0.6478542456688623,1.611345522371365
8,0.3823395330772348,0.621419958699679,0.2714077568251946,0.10073323072380325,0.5150547005057721,0.27897509375352536,0.5004323675635425,0.5470601442759225,-1.0,0.30882582835257266,0.81383427705289,0.2052069951301747,0.7991478615412717,1.4031331839513657,1.6767146137715758,0.7351076336440012,1.196892369804204,1.2924099886247225,0.5951090002179619,1.8205802234111117,1.4248977158925162,0.38912838745943035,0.885885579395874,1.4813747356590317,1.6710810412334394,1.077418906123892,1.2906331716538242,1.3302500669345454,0.8648149028189578,1.8010892547440243,1.3976529269252722,0.6332800740282238,1.115783569321912,1.3826112973874043,0.5204784991043346,0.7667181154172075,1.1050573780818314,0.3743183162861805,1.5179026093170422,0.9321956628816872,0.275459118216572,0.4675571354813097,0.2993759248076967,0.3546847324270337,0.9148442108915299,0.1610707982505185,1.230931653029232,0.5744242976943873,0.10199783137826945,0.16307390147538026,1.2847948675088035,1.329800098034675,0.7566188623505766,1.8249985924951204,1.4669174230036457,0.522981203788895,1.061126086374037,1.2409547271469072,0.44719723389411237,1.7503992526639875,1.1587338914263328,0.28430447383024315,0.6334979041161286,0.5666106448603576,1.1587589915399619,0.8496285551446647,0.5018890119821849,0.6505936625511403,1.9456771890321387,1.6004846617530246,0.5612948676764073,1.4944613883025208,0.44236807927247623,0.0004937604812084162,0.05174111955621774,0.30952017034061696,0.537008614017688,1.7879106115735452
9,0.2321108850862904,0.7002182746016241,0.3635973871421899,0.2985496258405941,0.38058914468666016,0.3886459988851906,0.43684075617187135,0.4690654902045973,0.30882582835257266,-1.0,0.7396415851983411,0.23781433199658875,0.5727502983979692,1.1663347634555528,1.3237037522214827,0.7023928232253815,0.9461347467685839,1.3016503166499862,0.47576326946850556,1.3193655509713207,1.745571141698647,0.24216673694134672,0.6553696836745382,1.4432718085658882,1.5206537790324253,1.3123503462451365,1.262039869926508,1.4196158102615772,0.9824850842297116,1.5290427868748657,1.7478679113117417,0.7153838185533983,1.1750442944068111,1.2105485480487614,0.7284021102520302,0.778297123781752,1.2358906015323654,0.5103651718066012,1.192082285163335,1.3985804236783463,0.3707039804907547,0.5766710724948114,0.60787787404625,0.5467164714847164,1.1354638469101217,0.4110296267385859,0.9818805816936568,1.2073094285240202,0.30322888967013883,0.42433659021913583,1.075611762469599,1.344906534017219,0.6590959678419663,1.3865474721597566,1.7453574237051157,0.3919849537070299,0.8773426924066288,1.3776307960432135,0.6121655054119235,1.4108626154888368,1.6461386225233148,0.3981052649506923,0.7608073019150874,0.5160122214924169,0.8614165313039006,0.9755481685955609,0.4395136912201607,0.5685431091332714,1.5741781931055736,1.9246768509317915,0.489869635431168,1.3737794139192923,1.2144742797446006,0.31337840834962094,0.45594096979080856,0.0006650975792178437,0.08648477755315576,1.748724938517709
10,0.8677974558736943,1.0956919613275433,0.8788393463372824,0.821300798310222,0.8785248548418332,0.8714529423306765,0.7605480267514484,0.8624732127801586,0.81383427705289,0.7396415851983411,-1.0,0.8282980293126482,0.7733911194279485,1.0430491384749243,1.1277217940895308,0.9772480063072474,1.0151324502869588,1.2041878340431331,0.9396607981428141,1.1402530466124887,1.264571776253537,0.9229083996612404,0.9769990210852187,1.197155544691356,1.2404150208053701,1.2407011411653577,1.1719143659849933,1.2615859505860478,1.1651472664789353,1.2565942391745324,1.315612753871625,1.1462237450150845,1.2045789511846916,1.1065291783177895,0.9509611637958082,0.9696168005675259,1.1952114213865492,0.9221021908132894,1.114497775453294,1.1567218735595772,0.9148834509935471,0.9357404932470148,0.8768491786852426,0.8566889284311685,1.146208394992953,0.850790933817352,1.0178853332123987,1.0593681098577443,0.8524370183834311,0.8411557141476064,1.0228811823970931,1.1990807848801395,0.9542247057942792,1.1334281333082996,1.2278521721529763,0.9342104389591513,0.9935809083480291,1.2297073813591244,0.9327075028733788,1.145119849584547,1.1977628706445804,0.9189991590444015,0.9589792141506337,0.7743914181198996,0.8626428323394804,0.8813312842033947,0.7798397775323507,0.7737507949643867,1.1566511073501067,1.2410648291640738,0.9590086604591241,1.0655747141352419,1.0474435623152962,0.8447978751642896,0.8358859663302127,0.7750228944517927,0.7453553497378418,1.0897465907221788
11,0.3345701799275862,0.6712101417735175,0.22155042442132944,0.1615536274846765,0.45874101143508716,0.2862007073292867,0.3899630067695601,0.3838882992568784,0.2052069951301747,0.23781433199658875,0.8282980293126482,-1.0,0.701459157849164,1.4262427105089115,1.56705070964735,0.7507353120602326,1.1461240502261045,1.391777094826824,0.646914429316087,1.5253646278231838,1.484874145244599,0.3402711542868917,1.0060645240556763,1.5701902648049475,1.6408426592587728,1.1953099719788502,1.321572189463533,1.4530339985233907,0.9983577458067949,1.6186596992840159,1.5002199556363949,0.6820227194694329,1.294948723062473,1.228746925618034,0.5050565994355514,0.6957245535974124,1.1989524709631563,0.38706667140245676,1.162630282351998,0.9549523196744939,0.2248860989876681,0.5237623904752158,0.4038122501010333,0.44083834987988013,1.0884785349762958,0.28918244966434437,0.9083456960010853,0.7409980953580142,0.16267263743958804,0.3601670008759136,1.2332128863754437,1.4215439970625838,0.7981404765807059,1.555006412296282,1.5093773110902144,0.4655555874344054,1.1578145973631513,1.3819364299498846,0.5450874962321632,1.4621623415021068,1.2534554465967336,0.2908695043670122,0.8099675593413247,0.4849315414452332,0.88343664840629,0.762628510572644,0.3906060462444919,0.5816020969637345,1.6582221650732205,1.6097724351432388,0.39528250020522115,1.5740703141239396,0.8012746741348012,0.20635859865570305,0.43901396667349213,0.2373113543147808,0.5670801641162184,1.996583168239869
12,0.5603435517866551,1.555364993761129,0.8541366142088321,0.7672244996451762,0.7907506889458734,0.6827031393062988,0.7038678682165136,0.7740506153232719,0.7991478615412717,0.5727502983979692,0.7733911194279485,0.701459157849164,-1.0,0.8236385306898126,0.9755298344796379,0.5504288069067094,0.934861666784949,1.1446032467491905,0.649227618220406,0.9354614341579965,1.20246764276214,0.5704343563593355,0.6789614568585665,1.5622586727220389,1.5829536123962336,1.8682551923307944,1.6592354358651231,1.4863776982545491,1.661070744264804,1.5692153677091651,1.795103567037292,1.5635136122059254,1.7492644819559384,1.154209261877536,0.9883405156082933,1.1215525142046834,1.2439454280603919,0.931603375509227,1.104616234316828,1.3201526019387728,0.861858626163256,0.979046072725078,0.8722425722202825,0.9666675007604907,1.1720883979091674,0.8228755573674398,0.9303657313715709,1.1804256987054589,0.7732740115517697,0.8337108269295677,1.1286395393960884,1.2243974889876366,0.914238341084018,1.0934266642840442,1.3654931693280312,0.8024103839977618,0.9911423978772254,1.2007721787351675,0.7713938265775456,0.9861883577955317,1.2219610152174356,0.6920215586969873,0.7971979538800554,0.7335393420133749,0.8087365129682363,0.9223828526288307,0.7071046922683066,0.744404914331545,1.1407214764910492,1.3954687966530348,0.7942231025686872,1.1277071181584033,1.2192878642351737,0.8052982029003528,0.8822102756792923,0.5773918243734,0.5926693339482897,1.2828194533473574
13,0.9281695134945163,1.1032299632581735,1.7575263164362989,1.443285459921818,0.9434608135361802,1.3998664534014367,1.311818481319162,1.181039835446678,1.4031331839513657,1.1663347634555528,1.0430491384749243,1.4262427105089115,0.8236385306898126,-1.0,0.3979040555564821,0.9694685593819694,0.5160900224243987,0.6387583781131121,0.8013144030121584,0.4360408601134518,0.6683776556154094,0.9253433266294345,0.521222932510059,0.28516157982075596,0.6169652896181008,1.1802061570224178,0.7602762459587956,0.7442718465355764,1.0069603667328753,0.6451160620393899,0.9127382566610367,1.100390351686677,0.8369316790303065,1.3257133826635636,1.9202081853515929,1.5828460554714368,1.1267193910444198,1.7723892460840205,1.370470038312757,1.7085297875167593,1.758807725042791,1.7993549793689985,1.5346061226773655,1.2726217778700266,0.9656817930067677,1.4290955095024058,1.0865519375171369,1.413821167983351,1.4442245904646944,1.3938621335944836,0.5827955878739524,0.6614145306710426,0.824042811729923,0.5045483642964692,0.7405181821057959,0.9407375742532417,0.5954010228275539,0.823196736864,1.345203010043664,0.8016555117031945,1.1800998567802587,1.3998120116973474,1.2150362902947125,1.2933532819429074,1.0618547559279152,1.267975609034023,1.3124026781349194,1.2377091007759164,0.6181990099465693,0.8878574424850689,1.1784154071526065,0.6705076898549278,1.3537896072192925,1.4039575078288504,1.3269053992509172,1.1662338605885694,0.963763627625367,0.5726869412471617
14,1.0244922838057267,1.0462283381460473,1.5004397719383344,1.8188087535438986,0.9641629091411705,1.6077434196856906,1.3993737796375765,1.242388618103058,1.6767146137715758,1.3237037522214827,1.1277217940895308,1.56705070964735,0.9755298344796379,0.3979040555564821,-1.0,1.1162381469173326,0.3853948649091866,0.5828480977568654,0.8704797396703442,0.15874300502849403,0.5255395305600516,1.0174979371922486,0.523885435313513,0.5115453213075116,0.20200283007804432,1.0919164192413975,0.5542050355013286,0.6404197134000928,0.9192779122632486,0.3221131696422186,0.722554664299891,1.039412646623014,0.6908874743340343,0.4412261623741852,1.6067727987037144,1.0507831569513513,0.8639152204247222,1.4586414221440955,0.6587581385845502,1.2210560007182112,1.4976624515751407,1.3527275330025488,1.9435728005506003,1.6374871712572552,1.142120212164488,1.8264846107749093,1.3114392378809396,1.745123168549635,1.8189974820250447,1.8470198526952561,0.4058084850333944,0.5798584162190765,0.8079181597407746,0.20648856961092887,0.558026939910639,0.9567796031062341,0.5079889024513211,0.823856239390528,1.5427059166619173,0.6064889538237168,1.186116030884779,1.6046584265943267,1.3923073820443745,1.3733615609828629,0.962441098433741,1.2705309145684687,1.398640172536344,1.2985224624961602,0.33666371143845564,0.7323655260054756,1.2320249161316472,0.5632647208827259,1.5427852557682638,1.676324810278722,1.6264228528010913,1.3218476957644145,1.094411756864315,0.43743204148961257
15,0.7255633825044339,1.17858618369103,0.844946264065396,0.7488658953553915,1.244037839887713,0.7129199257931171,0.7626309017072549,0.8972980081280078,0.7351076336440012,0.7023928232253815,0.9772480063072474,0.7507353120602326,0.5504288069067094,0.9694685593819694,1.1162381469173326,-1.0,1.0526107056140044,1.1463803821025125,0.7561779721882153,1.1368272271704971,1.1741279620050964,0.7252286858076216,0.8560699817839996,1.2937363437489084,1.3654926820671855,0.9471879804053437,1.3580841855875394,1.29051433662832,1.228192245978967,1.3925409958145027,1.4089221806249168,1.1786442905539405,1.3371272059342185,1.1693585029621512,0.6368484648491697,1.0803650157601032,1.1713169850152017,0.8694997428941045,1.1845781588250652,1.159455254282804,0.8451928137554513,0.9359042458182192,0.5614005214159511,0.9075084108370375,1.090097552157193,0.7569556105068415,1.0324207366773888,1.0035296027060692,0.7482813627270465,0.7810895139058869,1.4615834494115176,1.33201180584711,1.3311397856617107,1.4592446018642955,1.5855955820672243,1.2466074500145061,1.4843672545884559,1.1437009602873787,0.7371466413089279,1.1071159133817035,1.0908969534013397,0.7125659901544432,0.7996138142857647,0.7687990562631866,0.9223399725742336,0.9083178755844646,0.7619816508044875,0.7979227189723637,1.2568033368406355,1.3000409876638381,0.8986236616701211,1.1959800767916489,0.9838270790835724,0.7343889771308941,0.7690756549762977,0.7005236045247882,0.7422282170789039,1.2500937624547193
16,0.6018958355278852,0.6940894235098718,1.1287671667386323,1.2659932022567557,0.571117548189665,1.6108369002916814,1.337791463025967,1.0311227580731017,1.196892369804204,0.9461347467685839,1.0151324502869588,1.1461240502261045,0.934861666784949,0.5160900224243987,0.3853948649091866,1.0526107056140044,-1.0,0.48350620009134015,0.5294809632701081,0.46074136725388115,0.6690266024264084,0.5987201945053923,0.33554166117592965,0.6397285977396314,0.5397485142720839,1.1020420955861714,0.2926018345010183,0.567285095940799,0.684372668470419,0.596242895063209,0.8386523078578482,0.6952087214067519,0.5987822864817439,0.774839401405821,1.4716867561495548,0.5709395417975913,0.6978451726818831,1.1311469442906277,0.8796860450334557,1.2153305548101792,1.1286997423895015,1.090626113834878,1.5736463373470055,0.7840363727890559,0.8040518095292567,1.286022882030372,1.1523603543611147,1.4281303602625273,1.2668998639122222,1.2958189223261094,0.08984751880091135,0.49737521189651746,0.5123086632766044,0.49871726438110087,0.7042821776258799,0.5680014875700996,0.3803951270735789,0.9019562440273744,1.6624818491460405,1.2995224106493046,1.6556825243943618,1.6131938600616502,1.73784652531966,1.354855589539121,1.2416270014406159,1.4440351410991625,1.3390674519189991,1.3461554977153165,0.7926322218342181,1.076641625131203,1.0299158961221635,0.854879160948866,1.3279748089158114,1.1974834314661287,1.1921273399879728,0.9450693717561843,0.8331684588201911,0.8535404034355406
17,0.9858517696659361,0.8477282363511446,1.2813730344219652,1.327576170421566,0.9094962987673069,1.4807513403959967,1.9307343746622472,1.2529972068677038,1.2924099886247225,1.3016503166499862,1.2041878340431331,1.391777094826824,1.1446032467491905,0.6387583781131121,0.5828480977568654,1.1463803821025125,0.48350620009134015,-1.0,0.8198887245739156,0.6185178593196206,0.5194003250542132,0.9743579929943204,0.6294285969811635,0.5937802575454791,0.5737874208109988,0.9196417911144048,0.5083775415082925,0.06510288313273149,0.7194550457863216,0.595695043311594,0.6055215946005689,0.838231590132872,0.6000550686450297,0.8812421644395441,1.3940609680061964,0.893279431391442,0.12082109895847581,1.208808701796983,0.9338925162425329,0.98606587131741,1.274979705923093,1.153511232251958,1.4262526676706098,1.0118775054336002,0.15967417181016397,1.2731878376371102,1.076219909225767,1.0966636400424916,1.3227418377482754,1.249391611529306,0.4804589927734596,0.018285358613475022,0.7415640750402502,0.6086445791617244,0.5396426572897838,0.8975173718288014,0.5828610904524331,0.09719559904160413,1.3955723524256165,1.0380563966408356,1.090891885123963,1.4733393797447312,1.3563615941761087,1.9401800343575584,1.8478711383290864,1.927846890371999,1.9309328439494848,1.9568264891135962,0.767435125043833,0.7627853582096403,1.2352526300173272,0.7871706073093606,1.04871961710807,1.2874765628535014,1.1939028178182611,1.2967040752719357,1.1738459846946836,0.6210408868468701
18,0.17836877254535222,0.5768539059657414,0.6220965550877899,0.6324182851062421,0.29837946802015525,0.7399324842563727,0.8680704505091084,1.1088095425647309,0.5951090002179619,0.47576326946850556,0.9396607981428141,0.646914429316087,0.649227618220406,0.8013144030121584,0.8704797396703442,0.7561779721882153,0.5294809632701081,0.8198887245739156,-1.0,0.9168871303999084,0.9548733166418754,0.1769320802013754,0.21620977503947858,1.082275812557101,1.1061927855463938,1.256725239218842,0.8939054776985129,0.9667745297464395,0.5292367793283983,1.1498397000016336,1.2069706924417385,0.5825570453665567,0.7934747967164624,1.0530002048447882,1.089724092849269,0.7681824114380211,0.9099305478141033,0.5309759428250331,1.106155526453942,1.156304753553168,0.6228758369899663,0.6874991352033476,1.0358955695486591,0.7007576827460356,0.8810870262920035,0.548829121443349,1.085768462650193,1.108877332107263,0.6324298391745795,0.673203718742907,0.6831742827983467,0.8751745205170015,0.16563476723804782,1.0075262891708685,1.0706846812011932,0.2980749319353373,0.4561990589521572,1.026981315945011,0.6507315320153417,1.3342305881394998,1.397007799068035,0.7415265727321793,0.9216381178102393,0.834230386067785,1.1444495364549432,1.1847378188216078,0.86868327603006,0.9479429780759324,1.4894494017928195,1.658698456947897,1.1156584687557791,1.5419508250450107,1.0549251441843959,0.594828015725881,0.6324236307094163,0.4732358706863058,0.49189331776729683,1.351903139077105
19,1.0573620516973772,1.1152257107567942,1.4912703321865828,1.7099363104450918,0.9865887579580438,1.5641995554469998,1.3780116784275744,1.2281660952182765,1.8205802234111117,1.3193655509713207,1.1402530466124887,1.5253646278231838,0.9354614341579965,0.4360408601134518,0.15874300502849403,1.1368272271704971,0.46074136725388115,0.6185178593196206,0.9168871303999084,-1.0,0.5664354643618157,1.0498597756616765,0.6053318505644358,0.5720508003103977,0.3551759209073607,1.1481463694738445,0.6393626392473247,0.6862892519010161,0.9942103533900848,0.21626196995953106,0.7747159399447018,1.1073424273894554,0.7868589879845221,0.5895921184641185,1.5792859453784365,1.0813815579647408,0.8823718961659195,1.454349618789481,0.44188774291386845,1.2151653852179891,1.4880010858124424,1.3654880874209805,1.8068045016394882,1.5145902858785638,1.0862862306048486,1.7099603499805227,0.7482529325597733,1.6007613246762107,1.7091533994322397,1.7161075376266386,0.4641994828532179,0.6099092078855926,0.8413678900029431,0.057207599918426943,0.5825859487780259,0.9786179738719222,0.5674007030451647,0.8274707106649024,1.5020905023608127,0.3580431152514634,1.1494813505598804,1.5602906026034025,1.3650566128498638,1.35367330851113,0.8333412576747319,1.247536977427516,1.3769220112664715,1.2857440145352979,0.1716649533383373,0.7310215097517796,1.2164532434964477,0.5991094276444144,1.7422058229612238,1.8205751511331925,1.8444737160259026,1.3169964365365718,1.1145667291366237,0.4806264097864241
20,1.1456149111453544,0.9399609728356446,1.362107392068243,1.4654370868446795,1.0561642117907502,1.441574713288812,1.5030535986755964,1.3235093450001738,1.4248977158925162,1.745571141698647,1.264571776253537,1.484874145244599,1.20246764276214,0.6683776556154094,0.5255395305600516,1.1741279620050964,0.6690266024264084,0.5194003250542132,0.9548733166418754,0.5664354643618157,-1.0,1.1316816367249438,0.7598981348404791,0.5775559752471597,0.4923268797750042,0.870363486275062,0.6071875300610963,0.5029934143014508,0.7730939233860494,0.5167698702415437,0.24510428539833273,0.9268065412437663,0.6349445214183567,0.7826136972224765,1.377317205788877,1.0349703863982749,0.6582096293539308,1.2695966942550485,0.8455499913382732,0.5692163182139984,1.3538140591866663,1.209422679013173,1.4873581256632888,1.2640118752203953,0.7595552919637113,1.4014029748717718,1.0872637675958634,0.7664512213602864,1.4593876036631217,1.3932913410615473,0.63375075608007,0.5082182034633524,0.8571259258940727,0.5526016878062131,0.09981163078830524,1.041558186724331,0.6812345339135737,0.6076699995552407,1.313156575743962,0.8101403055292251,0.504530571495714,1.4310545643656156,1.225977958957721,1.4662008085350462,1.2639632818015085,1.1188581716653883,1.5000126302963692,1.440446552934456,0.6459745618555413,0.2780843418927329,1.3004795554886317,0.7474004710101392,0.717887037921639,1.418756569619771,1.325919794346874,1.742414256684571,1.7334931213476652,0.5319843651714897
21,0.0015354355509927808,0.4889587594202033,0.40657386015384167,0.41256168555236516,0.1361639554996954,0.521222872480982,0.6588275887560258,0.5276588874522394,0.38912838745943035,0.24216673694134672,0.9229083996612404,0.3402711542868917,0.5704343563593355,0.9253433266294345,1.0174979371922486,0.7252286858076216,0.5987201945053923,0.9743579929943204,0.1769320802013754,1.0498597756616765,1.1316816367249438,-1.0,0.25452914596903764,1.2424529619407347,1.2731815148282466,1.3276227482280385,1.001890604637697,1.1314377167370702,0.7452334696190285,1.3084367438072118,1.3692371466998128,0.4960622286949412,0.8969969538120819,1.098266150748033,0.9619886057024001,0.7044541582144084,1.010872171237392,0.5338714539182757,1.131096088171267,1.1699146113220518,0.4071529882083007,0.5739406107338627,0.8925518674856026,0.5864084724170582,0.9616355360396266,0.516961692515679,1.0563146050998389,1.080438322445286,0.4119599713293385,0.5295278885398307,0.7575206116397011,1.028423758271599,0.35537048496892387,1.1371845308232111,1.2299171263335038,0.13594683234457172,0.5090049958878837,1.1717319125462675,0.7274064756482725,1.4218397933843772,1.474742752678945,0.5225193152015947,0.8636072617295344,0.7406446659260426,1.055950341391899,1.085037043864675,0.6588006487224954,0.7942210802164608,1.5063410102836599,1.669307440288663,0.531063262919188,1.3102513521284687,1.0448494123079868,0.38825852708186737,0.511877230937728,0.23813038745567816,0.3593120470845992,1.6605084419168121
22,0.2575888248317114,0.621586246820012,0.8992902258881817,0.9568293051995177,0.3262477089767287,0.9934108751890603,1.0752971199910957,0.9136401115996421,0.885885579395874,0.6553696836745382,0.9769990210852187,1.0060645240556763,0.6789614568585665,0.521222932510059,0.523885435313513,0.8560699817839996,0.33554166117592965,0.6294285969811635,0.21620977503947858,0.6053318505644358,0.7598981348404791,0.25452914596903764,-1.0,0.8258388790134426,0.8065738802556055,1.2789653590668058,0.7267039929975612,0.7879274138329896,0.6744583783530975,0.8746413786716718,1.066309349066557,0.625103713341738,0.613328446080301,0.9335040897144268,1.3899343593375626,0.8772056080749149,0.8504505393550119,0.9234998002186745,1.037160648488003,1.278393214364934,0.899750513969326,0.8551967202850461,1.3828061884298317,0.9403420368442613,0.8803779487544936,0.9835217241839087,1.15859231128633,1.3440023255182953,0.9573410599216807,0.9358324170359504,0.4694527628055949,0.6743395874826249,0.3192198827971072,0.6945228056782242,0.866007247876875,0.3239871245879684,0.20395942639672038,0.9030297042179167,1.0402232167163543,1.1578343261352462,1.4195239900648264,0.9944861317806648,0.9858472182732972,1.1000606425220214,1.1689083352618506,1.3174627326759016,1.0761199860569772,1.0846066343945775,1.095271664345963,1.3620825195373778,0.9151330047198455,0.902859451621188,1.2416182570269008,0.885998106634504,0.8411676469482583,0.6530787509677319,0.5162988900397475,0.9919404826707777
23,1.2519960887878208,0.6921812837386521,1.7400456613064867,1.5377870318664824,1.1011557228513151,1.5613555273948516,1.4723478216023795,1.312617154704494,1.4813747356590317,1.4432718085658882,1.197155544691356,1.5701902648049475,1.5622586727220389,0.28516157982075596,0.5115453213075116,1.2937363437489084,0.6397285977396314,0.5937802575454791,1.082275812557101,0.5720508003103977,0.5775559752471597,1.2424529619407347,0.8258388790134426,-1.0,0.2640560630884007,0.5345662022021596,0.3302633723659736,0.43962009582867445,0.5362062681691788,0.29746636905708923,0.3618271402733114,0.6840066564470033,0.3307049988777141,1.1640874511862835,1.7813777501522394,1.4033125170080618,0.9331557792349505,1.6974981124447295,1.2369210017208752,1.367812682475889,1.7356362989650607,1.6864483457999766,1.5399007758691359,1.2527179995611728,0.8489123005276689,1.4863297116759542,1.1221848267903598,1.219484631621472,1.534278297690359,1.4490314444271135,0.5581052559162794,0.5561265283013967,0.9131003243439135,0.5173835266786648,0.5223459505292907,1.0905845059602584,0.6663769011290779,0.7088286397335414,1.4524230222460295,0.843176972409096,0.9936205949940087,1.554689748908363,1.3247341447059,1.4357552885118785,1.1878444493639142,1.2802755454358672,1.4705391013898077,1.3812877623703301,0.5792654219161452,0.6248346498403043,1.2960812494196507,0.632457245014478,1.1414416494165702,1.477697917163768,1.358323846438091,1.439889579808046,1.2589347223361176,0.4400793749457329
24,1.2849493195756054,0.7027748440158639,1.4946643602426692,1.8058126178044471,1.097017659718322,1.6852225210649134,1.5031113634630522,1.3332127735172967,1.6710810412334394,1.5206537790324253,1.2404150208053701,1.6408426592587728,1.5829536123962336,0.6169652896181008,0.20200283007804432,1.3654926820671855,0.5397485142720839,0.5737874208109988,1.1061927855463938,0.3551759209073607,0.4923268797750042,1.2731815148282466,0.8065738802556055,0.2640560630884007,-1.0,0.5512845149756911,0.24026605713459137,0.4145427878518704,0.5358722015004409,0.10590152203398628,0.29518504043123783,0.6923230717869009,0.2970812820310206,0.45289345528694924,1.500182691385112,0.9679970246510845,0.7423367787864533,1.41399260647277,0.6595890548450318,0.9866616586387059,1.4877519455397228,1.299310782769947,1.843905173610394,1.5382111583522424,1.011765968691802,1.7785023827941706,1.295100310428845,1.496829829050843,1.8023191085484913,1.788660423719648,0.4395222755348247,0.5232542632535158,0.8955864187388555,0.29875304204684616,0.4204523957026651,1.0839879360458287,0.6054582997667426,0.7358055252258978,1.5788969225194587,0.6885006009407298,1.0174582239302945,1.6770976647303228,1.4411048887981108,1.464082761792552,1.0847756552078387,1.2666645317604237,1.500563832620148,1.3967071536301736,0.3760414477089311,0.5440753150112452,1.3126288704003293,0.5680567456878477,1.3089521976271707,1.667056546606601,1.5801329847417789,1.516347165905386,1.3222889580425072,0.37227820029020486
25,1.339089677537594,0.47831733527617015,1.0769497074484966,1.1207491824591003,1.369471992221244,1.1952752176169088,1.199224091129128,1.1955587455437628,1.077418906123892,1.3123503462451365,1.2407011411653577,1.1953099719788502,1.8682551923307944,1.1802061570224178,1.0919164192413975,0.9471879804053437,1.1020420955861714,0.9196417911144048,1.256725239218842,1.1481463694738445,0.870363486275062,1.3276227482280385,1.2789653590668058,0.5345662022021596,0.5512845149756911,-1.0,0.46189033781618183,0.6176079504634556,0.3876951351121657,0.5816661447991853,0.33823227313999904,0.46923984424686227,0.3496024487425894,0.9216650291511191,0.811336375459689,0.9087457408336342,0.8224320659531674,1.0039828603205803,0.9855608178445449,0.7306479680270038,1.0684538052196766,0.9878259958595434,0.8992236825241634,0.9858932850778482,0.8576546070508164,1.0630270886531399,1.0958546040857247,0.8002531110112091,1.1136614627034342,1.064318013618167,1.1125557099578995,0.9335373994011615,1.2797961069884605,1.1506229921050894,0.916642428961808,1.3578642027209125,1.278925289915345,0.8553594412842825,1.1095790721441778,1.0749341127414074,0.8023434114565741,1.184661092339582,1.1154262535373107,1.169478668971929,1.170690160456503,1.035850981318446,1.1952448761199548,1.1735070842705237,0.9853115509811752,0.7245309451620805,1.1737431558452047,0.9660790692649459,0.7458640766989177,1.0701439699959305,1.0034253285129155,1.3061231583506674,1.312206837921989,0.8227262630807026
